6th pdf:

text extraction: 
[(8.64, 744.38709857, 144.23760000000001, 752.4288870125, 'servuce_asm M ainAppplication_cluster', 'Arial'), (152.64, 744.38709857, 226.48319999999998, 752.4288870125, 'fc_asm _cluster_main', 'Arial'), (305.28, 744.38709857, 352.31759999999997, 752.4288870125, 'clienthandler', 'Arial'), (393.12, 744.38709857, 420.8832, 752.4288870125, 'O bject5', 'Arial'), (501.12, 744.38709857, 528.8832, 752.4288870125, 'O bject4', 'Arial'), (74.88, 668.79284732, 191.0376, 676.8346357624999, 'binitializeasm onitorclustercomp()', 'Arial'), (270.0, 663.4724519225, 346.5, 673.0477237475, 'send the information to', 'Segoe'), (270.0, 654.8331089225, 303.084, 664.4083807474999, 'main class', 'Segoe'), (223.2, 629.19585857, 261.5976, 637.2376470125, 'm q_open()', 'Arial'), (252.0, 615.51689882, 347.2776, 623.5586872625, 'poG etV 850C lientInstance()', 'Arial'), (413.28, 600.39804857, 540.2376, 608.4398370125, 'fc_asm _cluster_v850ClientHandler()', 'Arial'), (270.0, 584.2784744224999, 335.5488, 593.8537462474999, 'charm_u8Buffer[200]', 'Segoe'), (270.0, 575.6391314225, 330.66, 585.2144032475, '//please change in', 'Segoe'), (450.0, 569.8795694225, 483.3, 579.4548412475, 'SORT ID:-', 'Segoe'), (270.0, 566.9997884225, 289.34639999999996, 576.5750602475, 'future', 'Segoe'), (450.0, 561.2402264225, 529.3872, 570.8154982474999, 'ASM_INCADAPTER_PORT', 'Segoe'), (450.0, 552.6008834225, 476.6688, 562.1761552475, '(0xC72E)', 'Segoe'), (442.08, 533.44314032, 484.7976, 541.4849287625, 'vInitSocket()', 'Arial'), (462.96, 501.04560407, 491.2416, 509.0873925125, 'connect', 'Arial'), (413.28, 491.68631582, 546.7176, 499.7281042625, '(m _hS ocketFd,m_remote_addr,sizeof)', 'Arial'), (442.08, 418.97184557, 499.9176, 427.0136340125, 'pthread_create()', 'Arial'), (226.79999999999998, 408.89261207000004, 282.4776, 416.9344005125, 'poG etInstance()', 'Arial'), (25.2, 402.8522714225, 98.46, 412.4275432475, 'fill the message queue', 'Segoe'), (25.2, 394.2129284225, 100.8, 403.7882002475, 'buffer and do mq_send:-', 'Segoe'), (25.2, 385.5735854225, 87.732, 395.1488572475, 'm_u8Buffer[0]=', 'Segoe'), (218.88, 385.13441882, 278.1216, 393.1762072625, 'pclG etInstance():', 'Arial'), (25.2, 376.9342424225, 100.8648, 386.5095142475, 'SCC_IMX_CAN_compassi', 'Segoe'), (210.23999999999998, 375.77513057000004, 289.1232, 383.8169190125, 'm _poasm cluster_main', 'Arial'), (25.2, 368.2948994225, 69.96959999999999, 377.8701712475, 'ndicator_msid;', 'Segoe'), (421.2, 361.0954469225, 498.5064, 370.6707187475, 'pvStartReadThread(),thre', 'Segoe'), (421.2, 352.4561039225, 495.54, 362.0313757475, 'ad is waiting to receive', 'Segoe'), (25.2, 351.0162134225, 102.92399999999999, 360.59148524750003, 'm_u8Buffer[1]=I_compas', 'Segoe'), (227.51999999999998, 350.57704682, 295.4376, 358.6188352625, 'vS endInform ation()', 'Arial'), (421.2, 343.8167609225, 494.82, 353.3920327475, 'the data from message', 'Segoe'), (25.2, 342.3768704225, 67.08959999999999, 351.95214224750003, 's_angle_high;', 'Segoe'), (421.2, 335.1774179225, 502.02, 344.7526897475, 'queue which was created', 'Segoe'), (421.2, 326.5380749225, 463.64399999999995, 336.11334674750003, 'by main class', 'Segoe'), (25.2, 325.09818442249997, 102.92399999999999, 334.6734562475, 'm_u8Buffer[2]=I_compas', 'Segoe'), (25.2, 316.4588414225, 63.489599999999996, 326.0341132475, 's_angle_low;', 'Segoe'), (223.2, 311.70000332, 291.1176, 319.7417917625, 'vS endInform ation()', 'Arial'), (282.96, 298.02104357, 313.4376, 306.0628320125, 'm sg_id()', 'Arial'), (442.08, 261.30383582, 491.2776, 269.3456242625, 'vE xtractData()', 'Arial'), (442.08, 236.10575206999997, 494.8776, 244.14754051249997, 'vE xtract_data()', 'Arial'), (415.44, 200.82843481999996, 536.6376, 208.87022326249996, 'dgram _send(m _dgram,u8Buffer,3)', 'Arial')]



components: 
[[3372  473 3796  544]
 [ 269  473  693  544]
 [1091  473 1515  544]
 [2621  473 3045  544]
 [2072  473 2496  544]]
self arrow: 
[[2873 3776 3057 3877]
 [2871 3601 3055 3702]
 [1353 3251 1537 3352]
 [2869 2506 3053 2607]
 [2873 1712 3057 1813]
 [2870 1412 3054 1513]
 [1353 1047 1537 1148]]
right to left arrow:
[[3444 4127 3557 4189]
 [2694 3412 2807 3474]
 [2144 2667 2257 2729]
 [3444 2092 3557 2154]
 [2695 1207 2808 1269]
 [1173  867 1286  929]]
left to right arrow: 
[[2877 3824 2980 3895]
 [2874 3649 2977 3720]
 [1355 3299 1458 3370]
 [1357 3049 1460 3120]
 [1357 2874 1460 2945]
 [2877 2554 2980 2625]
 [2874 1760 2977 1831]
 [2875 1460 2978 1531]
 [1355 1095 1458 1166]]
Boxes: 
[[3548 4138 3601 4178]
 [2795 4130 2861 4159]
 [2817 3847 2881 3921]
 [2795 3765 2861 3794]
 [2817 3672 2881 3746]
 [2795 3590 2861 3619]
 [2798 3423 2851 3463]
 [1275 3415 1341 3444]
 [1297 3322 1361 3396]
 [1275 3240 1341 3269]
 [1302 3071 1363 3147]
 [2235 3066 2301 3093]
 [1302 2896 1363 2972]
 [2235 2891 2301 2918]
 [2247 2683 2298 2704]
 [1275 2670 1341 2699]
 [2817 2577 2881 2651]
 [2795 2495 2861 2524]
 [3548 2104 3601 2144]
 [2795 2096 2861 2125]
 [2817 1783 2881 1857]
 [2795 1701 2861 1730]
 [2817 1483 2881 1557]
 [2795 1401 2861 1430]
 [2798 1219 2851 1259]
 [1275 1211 1341 1240]
 [1297 1118 1361 1192]
 [1275 1036 1341 1065]
 [1278  879 1331  919]
 [ 483  879  536  919]]
 
 
 Dictionay of components and boxes
{(483, 879, 536, 919): 0,
 (1275, 1036, 1341, 1065): 1,
 (1275, 1211, 1341, 1240): 1,
 (1275, 2670, 1341, 2699): 1,
 (1275, 3240, 1341, 3269): 1,
 (1275, 3415, 1341, 3444): 1,
 (1278, 879, 1331, 919): 1,
 (1297, 1118, 1361, 1192): 1,
 (1297, 3322, 1361, 3396): 1,
 (1302, 2896, 1363, 2972): 1,
 (1302, 3071, 1363, 3147): 1,
 (2235, 2891, 2301, 2918): 2,
 (2235, 3066, 2301, 3093): 2,
 (2247, 2683, 2298, 2704): 2,
 (2795, 1401, 2861, 1430): 3,
 (2795, 1701, 2861, 1730): 3,
 (2795, 2096, 2861, 2125): 3,
 (2795, 2495, 2861, 2524): 3,
 (2795, 3590, 2861, 3619): 3,
 (2795, 3765, 2861, 3794): 3,
 (2795, 4130, 2861, 4159): 3,
 (2798, 1219, 2851, 1259): 3,
 (2798, 3423, 2851, 3463): 3,
 (2817, 1483, 2881, 1557): 3,
 (2817, 1783, 2881, 1857): 3,
 (2817, 2577, 2881, 2651): 3,
 (2817, 3672, 2881, 3746): 3,
 (2817, 3847, 2881, 3921): 3,
 (3548, 2104, 3601, 2144): 4,
 (3548, 4138, 3601, 4178): 4}
